BE    4.63032  4.97613  4.08645  4.02581  5.20516  5.34387  4.84903  5.89355  4.93419
BG    1.95607  2.26127  1.71329  1.87746  4.80231  5.04046  5.42197  5.67052  5.63468
CH    5.79745  6.33014  4.88596  4.63238  4.75518  5.50319  6.20654  6.25199  5.57815
CY    5.56892  6.33709  4.46992  4.34586  6.06015  4.83208  4.68045  4.17544  4.69549
CZ    3.27247  4.14704  2.68920  2.83066  3.98537  4.87108  4.27108  4.49129  4.40976
DE    4.70197  5.70900  3.57732  3.51172  4.31818  5.05951  5.24789  6.15183  5.14855
DK    6.63466  7.34895  5.69555  5.77361  5.10226  6.52303  5.42857  6.13427  5.83607
EE    4.15471  5.15266  3.49078  3.45902  5.13525  5.38012  4.74590  5.38934  4.58914
ES    5.09690  4.36608  3.58479  3.56191  5.10834  5.12382  5.38829  5.89906  5.09219
FI    6.08054  7.18534  4.91843  5.01755  5.20599  6.70934  5.62158  7.37119  5.60041
FR    4.53021  5.02597  3.54094  3.38340  4.59345  5.26595  4.91756  5.53868  4.76849
GB    4.34150  5.19164  3.59610  3.64067  3.54150  5.05738  4.72646  4.95989  4.61616
GR    3.61497  4.76804  2.46932  2.56507  4.31962  3.98584  3.53001  3.51922  3.25556
HR    3.05963  3.15652  2.18509  2.46708  3.75901  4.18385  4.36522  5.03975  4.79006
HU    2.80724  3.97025  2.09832  2.24450  4.43726  4.98448  3.90039  5.15395  3.94955
IL    3.98313  5.64298  3.03996  3.26199  4.23801  4.06927  5.21314  5.64476  5.43250
LV    2.08882  4.07730  1.86513  1.83306  4.11020  4.75493  4.17845  4.66447  4.15707
NL    5.58836  5.96096  5.22603  5.20137  5.08767  5.60274  5.42260  6.19247  5.24110
NO    5.86967  6.82622  4.70054  4.82234  4.99147  6.80140  5.82157  5.99147  5.37316
PL    3.18325  3.96059  2.39409  2.51429  4.73892  5.31626  5.70246  6.54778  6.03645
PT    3.95946  4.02703  2.89479  2.94015  4.65541  5.16699  5.19595  5.76351  4.56853
RO    4.01957  4.06556  3.26810  3.41683  5.68395  5.82975  5.54892  5.59393  5.35519
RU    4.10000  4.23483  3.55281  3.45730  4.13933  4.20449  4.27528  3.84270  3.68764
SE    5.93994  6.20478  4.76556  4.90521  4.74457  6.47757  5.64182  7.15123  6.36975
SI    4.60173  4.42417  3.59186  3.62269  5.06535  5.21085  4.66461  5.21825  4.62022
SK    4.21676  4.21311  3.73497  3.73770  5.25774  5.39982  4.42623  5.19945  4.58925
TR    5.64456  5.96498  2.81148  2.81893  3.21386  3.04545  3.64978  3.90611  3.67884
UA    1.90647  1.87590  1.58094  1.72482  3.82554  3.80216  4.25899  4.38669  4.13849